6.1760
8.1860
10.2240
12.1520
14.2040
16.2020
22.4720
24.4980
26.4080
28.4200
30.3980
35.2520
44.5900
46.5020
49.4880
57.1220
58.9640
64.1080
66.0600
67.9820
69.9800
71.8840
73.7960
79.6440
81.5860
83.5760
85.6580
87.6220
90.6480
92.5280
94.4440
96.3120
99.2080
104.9720
107.0300
109.0140
116.1600
118.0540
127.6480
142.9340
144.8180
168.3300
170.1420
172.0020
174.7940
177.6960
180.4520
185.8940
189.6740
194.3640
201.9040
203.7800
214.8880
227.1820
232.7780
234.6920
236.5600
238.4460
240.3780
248.0900
249.9020
251.7760
253.6440
256.4260
261.1280
262.9620
264.8520
266.7680
268.6640
270.6200
272.5400
274.3940
276.2260
278.0420
279.9040
288.9980
296.6120
301.6520
306.5840
319.0060
320.7040
322.6320
324.5300
326.4500
328.3280
336.1160
338.0600
340.0560
342.0160
343.9980
345.9260
347.9440
349.9600
351.9560
353.9660
360.1420
370.8800
375.5060
383.0180
384.9940
390.7420
392.5580
394.4460
396.2680
417.0400
419.8780
424.5540
426.3880
428.2640
431.9060
433.7400
435.5480
442.8840
444.8200
449.5440
452.2280
454.9240
456.7220
458.5280
460.3800
465.0760
466.9240
468.7440
470.5580
476.1600
488.8620
499.1220
500.9300
503.6120
522.7640
526.2120
530.6240
532.3520
534.1620
535.9920
537.8260
546.8480
554.7740
560.6380
562.4600
564.0400
565.8880
571.1220
579.3060
581.1420
584.6940
587.3120
593.6560
605.5220
607.5740
609.5540
614.5040
622.1160
623.9520
625.7840
629.5740
635.2260
637.2760
639.2000
641.0380
642.8240
644.6240
646.3880
649.1460
651.9680
653.8440
655.7560
657.5740
659.4400
666.6500
668.4440
671.1560
672.9140
683.7780
686.6300
689.5520
695.4560
706.1760
708.0960
709.9420
711.8860
713.6980
718.0520
720.1760
721.7840
723.4980
726.3440
728.2480
730.1180
738.1800
740.9820
742.7640
745.8560
771.8500
774.6160
781.0280
786.4700
788.2880
790.0640
792.6840
797.1880
800.6940
818.0240
819.9760
826.1700
828.0160
834.2320
854.7420
868.0620
873.5400
883.2960
885.1840
