6.9680
9.1580
11.1660
13.1980
15.2540
17.2000
23.5120
25.4460
27.4400
29.4380
31.3820
36.1800
45.5420
47.5220
50.3540
58.1060
60.0520
65.0640
67.0600
68.9940
70.9140
72.8300
74.7860
80.6260
82.5920
84.6300
86.6500
88.6080
91.5420
93.4300
95.4380
97.2680
100.1520
106.0580
108.0460
109.9960
117.1580
119.0000
128.6580
143.8940
145.7400
169.1680
171.0040
172.7740
175.8120
178.5700
181.3580
186.8760
190.6280
195.3800
202.8400
204.6880
215.8980
227.9960
233.7180
235.6240
237.5500
239.4800
241.3740
249.0280
250.8380
252.7060
254.5880
257.2740
262.0220
263.9480
265.7540
267.7260
269.6480
271.5760
273.4700
275.3000
277.1440
278.9520
280.8360
290.0240
297.6420
302.6760
307.5420
319.7180
321.6340
323.5080
325.4580
327.3780
329.3160
337.1040
339.0340
341.0620
343.0140
344.9360
346.9080
348.9520
350.9120
352.9740
355.0380
361.1760
371.8340
376.4620
383.9840
385.9600
391.6540
393.5220
395.3640
397.2420
417.9960
420.8160
425.5280
427.3360
429.1880
432.8260
434.6100
436.4820
443.9180
445.7740
450.4340
453.0800
455.8560
457.6120
459.4160
461.3180
465.9920
467.8660
469.6320
471.4380
476.8640
489.5980
500.0240
502.1140
504.5100
523.7580
527.0480
531.5640
533.2720
535.0880
536.9260
538.7500
547.7540
555.7280
561.5940
563.1640
564.9180
566.8040
571.9020
580.2320
581.9600
585.5760
588.1900
594.5820
606.5160
608.5340
610.5380
615.3980
623.0140
624.9100
626.7320
630.7580
636.3900
638.2340
640.1200
641.9300
643.7400
645.5140
647.2820
650.1040
652.9200
654.8280
656.6900
658.4980
660.2860
667.5080
669.3520
671.9780
673.7480
684.7280
687.5840
690.4420
696.3500
707.0700
708.9880
710.8360
712.7740
714.6380
719.0620
720.9340
722.6480
724.3520
727.2720
729.1720
731.0860
739.1500
741.8840
743.7260
746.7460
772.7500
775.4820
781.9240
787.3480
789.1500
790.9420
793.6120
798.0940
801.5320
819.0460
820.9600
827.0440
828.8960
835.1180
855.6060
869.0400
874.4500
884.2280
885.9980
